timestamps:
  login: 1335670556186
  lastteleport: 1335668105058
  logout: 1335671502044
ipAddress: 108.7.236.90
lastlocation:
  world: Hostile3
  x: 281.2028829224192
  y: -197.91950775892036
  z: 83.19150058761838
  yaw: -146.40001
  pitch: -36.449997
