timestamps:
  login: 1338068001026
  lastteleport: 1338061439137
  logout: 1338068001400
ipAddress: 74.115.0.25
lastlocation:
  world: SurvivalMain
  x: -80.2572987910605
  y: 61.0
  z: 266.31772058045027
  yaw: -97.44671
  pitch: 4.2821174
