timestamps:
  login: 1340850571380
  lastteleport: 1340850863683
  logout: 1340851192427
ipAddress: 99.130.63.172
lastlocation:
  world: SarTest
  x: 768.658557228909
  y: 4.0
  z: 576.7341872535835
  yaw: -173.61833
  pitch: 20.68467
