timestamps:
  login: 1338685146943
  lastteleport: 1338688161090
  logout: 1338688240214
ipAddress: 24.251.24.238
lastlocation:
  world: Hostile3
  x: 241.80068652716045
  y: 72.0
  z: 84.0224920087415
  yaw: 307.19122
  pitch: 4.69853
