timestamps:
  login: 1343665995835
  logout: 1343666016805
  lastteleport: 1339701185289
ipAddress: 24.147.231.161
lastlocation:
  world: SurvivalMain
  x: -184.61580247698166
  y: 64.0
  z: -104.30691027345085
  yaw: -312.40784
  pitch: 23.807865
