timestamps:
  login: 1345692744368
  lastteleport: 1345680639264
  logout: 1345692787155
ipAddress: 24.147.225.216
lastlocation:
  world: SurvivalMain
  x: -190.71887354956672
  y: 72.0
  z: 180.69999998807907
  yaw: -41.326893
  pitch: 48.442795
afk: false
