timestamps:
  login: 1339711227119
  lastteleport: 1339273763197
  logout: 1339712208957
ipAddress: 75.68.231.4
lastlocation:
  world: SurvivalMain
  x: -304.96757305851395
  y: 72.0
  z: 68.12201542419834
  yaw: 51.446045
  pitch: 37.04996
