timestamps:
  login: 1343664007620
  logout: 1343664028683
  lastteleport: 1339271192598
ipAddress: 75.68.225.117
lastlocation:
  world: SurvivalMain
  x: -161.68904693229638
  y: 63.0
  z: 223.66516933481432
  yaw: -136.50003
  pitch: 7.950002
