timestamps:
  login: 1345685825482
  logout: 1345685872155
  lastteleport: 1338145559391
ipAddress: 24.3.34.114
lastlocation:
  world: SurvivalMain
  x: -58.7587347910912
  y: 69.0
  z: 87.36983232404289
  yaw: -170.09442
  pitch: 3.7499928
afk: false
