timestamps:
  login: 1340326845694
  logout: 1340326981686
  lastteleport: 1340326853131
ipAddress: 74.42.204.38
lastlocation:
  world: SurvivalMain
  x: -153.42732311583356
  y: 64.0
  z: 305.44460032596106
  yaw: -140.54951
  pitch: 11.249998
