timestamps:
  login: 1338685093293
  lastteleport: 1338687085144
  logout: 1338688095264
ipAddress: 72.208.169.96
lastlocation:
  world: Hostile3
  x: 226.2472462218038
  y: 65.0
  z: 72.1393175523916
  yaw: -267.1502
  pitch: 11.2501545
