jails: 
  obby: 
    world: NewWorld
    x: 70.56128498529904
    y: 70.0
    z: 207.86116464004044
    yaw: 264.0002
    pitch: 16.799986
  small: 
    world: OfficialWorld
    x: -244.9432424492522
    y: 63.0
    z: 246.39858605891789
    yaw: -341.55078
    pitch: 39.30001
