spawns: 
  default: 
    world: Gate
    x: 196.30111754916433
    y: 74.0
    z: 200.35247489697167
    yaw: 270.90005
    pitch: 32.37844
  mod: 
    world: SurvivalMain
    x: -300.5972964129589
    y: 66.0
    z: 210.39004682312842
    yaw: 270.23312
    pitch: -10.049997
  builder: 
    world: Gate
    x: 101.0625
    y: 62.0
    z: 182.40625
    yaw: -359.09863
    pitch: -7.049879
