yaw: -141.60083
name: amazing
pitch: -0.75010383
z: -65.17854468332429
y: 67.0
world: MelanyCraft
x: -742.5355483329571
