yaw: -262.63358
name: bank
pitch: 10.800003
z: -185.59375
y: 71.5
world: theZombies3
x: 247.25
