world: TundraGames
x: -1540.2049876673802
y: 63.0
z: -439.6791844040646
yaw: -79.05179
pitch: 55.049946
name: c1
