world: MelanyCraft
x: -623.1007416828171
y: 97.99880380545429
z: -236.73848535517067
yaw: -49.80139
pitch: 36.59999
name: citybad
