yaw: -358.1836
name: dock
pitch: 5.399987
z: -308.9375
y: 64.0
world: theZombies3
x: 283.96875
