world: Hardcore
x: 186.1948398660692
y: 68.0
z: 144.05226075158487
yaw: -47.250084
pitch: 20.40004
name: eva
