yaw: -180.43358
name: government
pitch: -2.1000016
z: -257.1710794580306
y: 71.5
world: theZombies3
x: 333.5944797312375
