yaw: 0.6180164
name: home
pitch: 12.300335
z: 188.4897847159103
y: 63.0
world: Gate
x: 303.68961740725445
