world: theZombies3
x: 237.54783006647887
y: 71.5
z: -118.44900740859254
yaw: 177.2984
pitch: 10.799996
name: hospital
