world: Hostile4
x: -483.3000000119209
y: 252.0
z: -627.7549223970886
yaw: -353.84482
pitch: 74.850006
name: J10
