world: Hostile4
x: -492.8291446250258
y: 3.0
z: -590.0878210045433
yaw: 65.70535
pitch: 0.15000525
name: j11
