world: Hostile4
x: -445.8668439842766
y: 252.0
z: -617.7910933522024
yaw: -167.24455
pitch: 38.55001
name: j12
