world: Hostile4
x: -415.30000001192093
y: 252.0
z: -628.472612889124
yaw: -281.69458
pitch: 37.95006
name: j13
