world: Hostile4
x: -635.6999999880791
y: 252.0
z: -690.2576018935638
yaw: -84.75129
pitch: 25.049994
name: j2
