world: Hostile4
x: -582.6999999880791
y: 252.0
z: -702.8258282223037
yaw: -359.85098
pitch: 25.949984
name: j3
