world: Hostile4
x: -554.3000000119209
y: 252.0
z: -750.8205998571563
yaw: -335.70078
pitch: 60.600014
name: j4
