world: Hostile4
x: -525.1138977765812
y: 252.0
z: -755.0402485773147
yaw: -268.50037
pitch: 54.449986
name: j5
