world: Hostile4
x: -441.4873592846421
y: 252.0
z: -675.0398561936626
yaw: 3.5987897
pitch: 12.900019
name: j6
