world: Hostile4
x: -443.5
y: 252.0
z: -669.5
yaw: -160.04498
pitch: 33.300014
name: j8
