world: Hostile4
x: -524.6426457921873
y: 252.0
z: -660.787312055388
yaw: 104.85516
pitch: 36.749996
name: J9
