world: Hostile4
x: -484.3821963407437
y: 211.0
z: -635.4342087092771
yaw: -182.24481
pitch: -61.499996
name: kevin
