world: Hardcore
x: 63.25387481119176
y: 63.0
z: 31.037047710513413
yaw: -23.8374
pitch: 11.400006
name: new
