world: Hardcore
x: 63.29521815335778
y: 64.0
z: 55.80159054251073
yaw: 186.41125
pitch: 1.1341741
name: newhome
