yaw: 179.0982
name: option3
pitch: 7.350092
z: -188.19708435098758
y: 77.0
world: theZombies3
x: 284.2829033545575
