yaw: -175.80191
name: option4
pitch: 11.100101
z: -284.30000001192093
y: 62.0
world: theZombies3
x: 2064.849181241142
