yaw: -92.85166
name: option2
pitch: 10.950133
z: -173.00131205980105
y: 77.20000004768372
world: theZombies3
x: -1541.2924282355998
