yaw: -182.10219
name: option1
pitch: 19.04999
z: -682.53125
y: 43.0
world: theZombies3
x: -54.59375
