yaw: -0.5836156
name: rulehouse
pitch: 13.950002
z: -153.69999998807907
y: 81.0
world: theZombies3
x: 283.30692855029383
