yaw: -106.93359
name: shopcenter/hospital
pitch: 4.650001
z: -147.15625
y: 71.0
world: theZombies3
x: 237.03125
