yaw: -357.73358
name: shopcenter
pitch: -0.8999988
z: -160.60554340584366
y: 71.0
world: theZombies3
x: 237.1673642040464
