yaw: -359.552
name: Spawnroom
pitch: 8.099991
z: -275.15625
y: 5.0
world: theZombies3
x: 224.4375
