world: Gate
x: 143.0395993694386
y: 64.0
z: 239.3294783261848
yaw: 89.99999
pitch: -10.500001
name: spawn
