yaw: -3.3003514
name: spleef
pitch: -0.59997356
z: -375.57723623459356
y: 67.0
world: MelanyCraft
x: -794.2596666408483
