yaw: -5.100889
name: station
pitch: 1.4998506
z: 79.2296956464524
y: 68.0
world: MelanyCraft
x: -579.2779025744513
