yaw: -270.59665
name: ted
pitch: 9.300071
z: 280.1875
y: 84.0
world: HellWorld
x: -380.65625
