world: TundraGames
x: -2077.699999988079
y: 6.0
z: -1111.300000011921
yaw: 281.85153
pitch: 29.999987
name: tg1
