yaw: -142.20001
name: vwxyz
pitch: 40.499958
z: -95.48585889082963
y: 70.0
world: theZombies3
x: 269.84616782013194
